%YAML:1.0
exampleSizeWidth: 14
exampleSizeHeight: 16
PCAmean: !!opencv-matrix
   rows: 1
   cols: 224
   dt: f
   data: [ 7.69869089e-02, 7.67849907e-02, 7.63796791e-02,
       7.65093192e-02, 7.67933205e-02, 7.72898570e-02, 7.75797963e-02,
       7.75797963e-02, 7.72898644e-02, 7.67933130e-02, 7.65093192e-02,
       7.63796791e-02, 7.67849907e-02, 7.69869164e-02, 7.74493739e-02,
       7.68636614e-02, 7.64404833e-02, 7.56742731e-02, 7.32870176e-02,
       7.01902956e-02, 6.81560189e-02, 6.81560263e-02, 7.01902956e-02,
       7.32870102e-02, 7.56742731e-02, 7.64404759e-02, 7.68636540e-02,
       7.74493814e-02, 7.73451850e-02, 7.61413425e-02, 7.29588494e-02,
       6.54611364e-02, 5.51891252e-02, 4.90451343e-02, 4.75121588e-02,
       4.75121625e-02, 4.90451343e-02, 5.51891215e-02, 6.54611364e-02,
       7.29588494e-02, 7.61413351e-02, 7.73451924e-02, 7.79493377e-02,
       7.61714429e-02, 6.64253831e-02, 4.90965955e-02, 3.98446582e-02,
       4.37160283e-02, 4.87043411e-02, 4.87043448e-02, 4.37160283e-02,
       3.98446620e-02, 4.90965955e-02, 6.64253831e-02, 7.61714429e-02,
       7.79493451e-02, 7.80377835e-02, 7.51534402e-02, 5.77215590e-02,
       3.96630503e-02, 4.45002317e-02, 5.84883019e-02, 6.49783909e-02,
       6.49783909e-02, 5.84883019e-02, 4.45002355e-02, 3.96630503e-02,
       5.77215515e-02, 7.51534477e-02, 7.80377910e-02, 7.64617696e-02,
       7.21249953e-02, 5.13128191e-02, 3.93760428e-02, 5.26327603e-02,
       6.49300069e-02, 6.72987774e-02, 6.72987774e-02, 6.49299994e-02,
       5.26327528e-02, 3.93760428e-02, 5.13128191e-02, 7.21249953e-02,
       7.64617771e-02, 7.46471509e-02, 6.94160163e-02, 4.76965420e-02,
       4.03201990e-02, 5.62375784e-02, 6.57141134e-02, 6.58297762e-02,
       6.58297762e-02, 6.57141134e-02, 5.62375784e-02, 4.03202027e-02,
       4.76965420e-02, 6.94160163e-02, 7.46471584e-02, 7.36246109e-02,
       6.81295469e-02, 4.62857969e-02, 4.08023596e-02, 5.75097986e-02,
       6.60608783e-02, 6.52714372e-02, 6.52714372e-02, 6.60608783e-02,
       5.75097986e-02, 4.08023596e-02, 4.62858006e-02, 6.81295395e-02,
       7.36246109e-02, 7.36246109e-02, 6.81295395e-02, 4.62857932e-02,
       4.08023559e-02, 5.75097986e-02, 6.60608783e-02, 6.52714372e-02,
       6.52714372e-02, 6.60608858e-02, 5.75097986e-02, 4.08023559e-02,
       4.62857969e-02, 6.81295395e-02, 7.36246109e-02, 7.46471435e-02,
       6.94160163e-02, 4.76965420e-02, 4.03202027e-02, 5.62375784e-02,
       6.57141209e-02, 6.58297762e-02, 6.58297762e-02, 6.57141209e-02,
       5.62375784e-02, 4.03202027e-02, 4.76965420e-02, 6.94160238e-02,
       7.46471509e-02, 7.64617771e-02, 7.21249953e-02, 5.13128191e-02,
       3.93760428e-02, 5.26327528e-02, 6.49300069e-02, 6.72987774e-02,
       6.72987774e-02, 6.49300069e-02, 5.26327603e-02, 3.93760428e-02,
       5.13128154e-02, 7.21249953e-02, 7.64617771e-02, 7.80377910e-02,
       7.51534402e-02, 5.77215515e-02, 3.96630503e-02, 4.45002355e-02,
       5.84883019e-02, 6.49783909e-02, 6.49783909e-02, 5.84883019e-02,
       4.45002317e-02, 3.96630503e-02, 5.77215515e-02, 7.51534477e-02,
       7.80377835e-02, 7.79493451e-02, 7.61714429e-02, 6.64253831e-02,
       4.90965918e-02, 3.98446620e-02, 4.37160283e-02, 4.87043373e-02,
       4.87043373e-02, 4.37160283e-02, 3.98446620e-02, 4.90965918e-02,
       6.64253831e-02, 7.61714429e-02, 7.79493451e-02, 7.73451924e-02,
       7.61413425e-02, 7.29588494e-02, 6.54611364e-02, 5.51891215e-02,
       4.90451343e-02, 4.75121588e-02, 4.75121625e-02, 4.90451343e-02,
       5.51891215e-02, 6.54611439e-02, 7.29588494e-02, 7.61413425e-02,
       7.73451924e-02, 7.74493814e-02, 7.68636614e-02, 7.64404833e-02,
       7.56742731e-02, 7.32870102e-02, 7.01902956e-02, 6.81560263e-02,
       6.81560189e-02, 7.01902956e-02, 7.32870176e-02, 7.56742582e-02,
       7.64404759e-02, 7.68636689e-02, 7.74493739e-02, 7.69869089e-02,
       7.67849833e-02, 7.63796866e-02, 7.65093267e-02, 7.67933205e-02,
       7.72898570e-02, 7.75798038e-02, 7.75797963e-02, 7.72898644e-02,
       7.67933130e-02, 7.65093267e-02, 7.63796791e-02, 7.67849907e-02,
       7.69869164e-02 ]
